Second order anisotropic color gradient:

          1       31500 1.06612e+003 1.63840e+004 8.32448e-011 1.89888e-013 1.00000e+000 4.00000e-004 1.00000e+000 2.00000e+001 1.06667e-003 3.30782e-004 1.83390e+000
          2       86000 3.10032e+003 1.63840e+004 9.98210e-011 3.38202e-013 1.00000e+000 4.00000e-004 1.00000e+000 4.00000e+001 1.06667e-003 2.63875e-004 2.65497e+000
          3       35500 1.20979e+003 9.83040e+004 8.41744e-011 1.92080e-013 1.00000e+000 4.00000e-004 6.00000e+000 2.00000e+001 6.40000e-003 3.30782e-004 1.83391e+000
          4       98000 3.29260e+003 9.83040e+004 9.32996e-011 3.16824e-013 1.00000e+000 4.00000e-004 6.00000e+000 4.00000e+001 6.40000e-003 2.63875e-004 2.65497e+000
          5      130000 4.37035e+003 1.63840e+004 7.84622e-011 1.18218e-014 1.00000e+000 1.00000e-002 1.00000e+000 2.00000e+001 2.66667e-002 1.29586e-003 5.84884e-001
          6       26000 8.76020e+002 1.63840e+004 8.05938e-011 7.33203e-012 1.00000e+000 1.00000e-002 1.00000e+000 4.00000e+001 2.66667e-002 1.29966e-003 4.04463e-001
          7      133000 4.47622e+003 9.83040e+004 8.76034e-011 1.34908e-014 1.00000e+000 1.00000e-002 6.00000e+000 2.00000e+001 1.60000e-001 1.29586e-003 5.84884e-001
          8      200000 6.69847e+003 9.83040e+004 3.46940e-010 7.85181e-014 1.00000e+000 1.00000e-002 6.00000e+000 4.00000e+001 1.60000e-001 1.29966e-003 4.03464e-001
          9       34500 1.16610e+003 3.78400e+003 9.35078e-011 9.05116e-014 6.00000e+000 4.00000e-004 1.00000e+000 2.00000e+001 6.22222e-004 4.49342e-004 3.61743e-001
         10       76500 2.58063e+003 6.91733e+003 9.97165e-011 2.16235e-013 6.00000e+000 4.00000e-004 1.00000e+000 4.00000e+001 6.22222e-004 2.13273e-004 1.37640e+000
         11       39000 1.30786e+003 2.27040e+004 9.27183e-011 9.02352e-014 6.00000e+000 4.00000e-004 6.00000e+000 2.00000e+001 3.73333e-003 4.49342e-004 3.61744e-001
         12       87500 2.94744e+003 4.15040e+004 9.91678e-011 2.15513e-013 6.00000e+000 4.00000e-004 6.00000e+000 4.00000e+001 3.73333e-003 2.13273e-004 1.37640e+000
         13       60000 1.99098e+003 3.78400e+003 8.50213e-011 9.33248e-015 6.00000e+000 1.00000e-002 1.00000e+000 2.00000e+001 1.55556e-002 2.72612e-003 2.46591e+000
         14       27000 8.86327e+002 6.91733e+003 8.53564e-011 1.80895e-013 6.00000e+000 1.00000e-002 1.00000e+000 4.00000e+001 1.55556e-002 2.88408e-003 8.04600e-001
         15       63500 2.05794e+003 2.27040e+004 9.99609e-011 1.10053e-014 6.00000e+000 1.00000e-002 6.00000e+000 2.00000e+001 9.33333e-002 2.72612e-003 2.46585e+000
         16       28000 9.15678e+002 4.15040e+004 8.35577e-011 1.15943e-013 6.00000e+000 1.00000e-002 6.00000e+000 4.00000e+001 9.33333e-002 2.88408e-003 8.04601e-001

Second order isotropic color gradient:

          1       30500 1.03431e+003 1.63840e+004 9.68671e-011 2.76742e-013 1.00000e+000 2.40000e-003 1.00000e+000 2.00000e+001 1.06667e-003 1.45425e-005 2.27142e-001
          2       53500 1.79917e+003 1.63840e+004 9.75965e-011 4.70763e-013 1.00000e+000 2.40000e-003 1.00000e+000 4.00000e+001 1.06667e-003 8.54958e-006 2.06137e-002
          3      200000 6.73599e+003 9.83040e+004 2.95909e-010 4.26792e-014 1.00000e+000 2.40000e-003 6.00000e+000 2.00000e+001 6.40000e-003 1.45428e-005 2.24410e-001
          4       65500 2.18524e+003 9.83040e+004 9.26632e-011 4.64006e-013 1.00000e+000 2.40000e-003 6.00000e+000 4.00000e+001 6.40000e-003 8.54993e-006 2.06055e-002
          5      200000 6.62769e+003 1.63840e+004 1.02999e-010 1.48691e-014 1.00000e+000 6.00000e-002 1.00000e+000 2.00000e+001 2.66667e-002 1.29350e-004 7.04313e-001
          6       26000 8.79741e+002 1.63840e+004 8.52583e-011 7.37041e-012 1.00000e+000 6.00000e-002 1.00000e+000 4.00000e+001 2.66667e-002 1.34500e-004 3.11779e-001
          7      200000 6.61106e+003 9.83040e+004 6.17994e-010 8.92148e-014 1.00000e+000 6.00000e-002 6.00000e+000 2.00000e+001 1.60000e-001 1.29350e-004 7.04313e-001
          8       34500 1.14901e+003 9.83040e+004 4.73555e-011 1.03625e-012 1.00000e+000 6.00000e-002 6.00000e+000 4.00000e+001 1.60000e-001 1.34500e-004 3.10874e-001
          9       27500 9.01376e+002 3.78400e+003 9.78578e-011 1.27482e-013 6.00000e+000 2.40000e-003 1.00000e+000 2.00000e+001 6.22222e-004 2.60387e-005 2.49229e-001
         10       66000 2.19228e+003 6.91733e+003 9.60894e-011 2.47327e-013 6.00000e+000 2.40000e-003 1.00000e+000 4.00000e+001 6.22222e-004 1.37498e-005 2.78072e-001
         11      200000 6.82701e+003 2.27040e+004 4.77287e-010 4.23558e-014 6.00000e+000 2.40000e-003 6.00000e+000 2.00000e+001 3.73333e-003 2.60383e-005 2.49831e-001
         12       81000 2.76470e+003 4.15040e+004 8.28439e-011 1.65611e-013 6.00000e+000 2.40000e-003 6.00000e+000 4.00000e+001 3.73333e-003 1.37497e-005 2.78058e-001
         13       11500 3.84748e+002 3.78400e+003 9.82539e-011 2.75789e-011 6.00000e+000 6.00000e-002 1.00000e+000 2.00000e+001 1.55556e-002 2.97539e-004 2.66562e+000
         14       17500 5.78278e+002 6.91733e+003 9.22795e-011 2.29111e-012 6.00000e+000 6.00000e-002 1.00000e+000 4.00000e+001 1.55556e-002 3.11602e-004 1.05005e+000
         15      200000 6.55575e+003 2.27040e+004 2.02820e-010 1.78999e-014 6.00000e+000 6.00000e-002 6.00000e+000 2.00000e+001 9.33333e-002 2.97539e-004 2.66564e+000
         16       63500 2.13808e+003 4.15040e+004 9.53815e-011 2.48213e-013 6.00000e+000 6.00000e-002 6.00000e+000 4.00000e+001 9.33333e-002 3.11602e-004 1.04875e+000
